7.659937184469123
7.667383623239058
7.667618363701742
7.666254373438504
7.671406359023351
7.669976946445853
7.671726321798715
7.669205656354178
11.697764184186706
12.339350394279625
12.322644925842283
12.329575437339653
12.351832154319696
14.369677949735284
20.439848707140968
20.809755700524512
27.81452392267998
27.36720882031301
52.83219262969902
31.715664348209835
7.703940756530944
7.673214826333552
7.667391541636263
7.673226003463489
7.674002813994124
7.675925280343325
7.677898043777242
7.677730386828184
7.680558200702299
7.6788973837362455
7.68121793995438
7.681189997880683
7.680318205181317
7.680262321033923
7.677317226466196
7.679278760039767
7.686409577247392
7.687175190066706
7.6870522449424366
7.6874264642020265
7.692011877097501
7.693609998010494
7.694068200510024
7.691039593744841
7.693330606242489
7.689871736154576
7.686485507926346
7.684730927623267
7.684440360184542
7.6824516713847295
7.680824731589497
7.682612886968075
7.6834119689028775
7.6826520028669805
7.682601710996959
7.680685031950546
7.6778575112581695
7.681612637553183
7.681237659150661
7.682930325280203
7.684835718607092
7.681801617209729
7.683684659881757
7.680846126714426
7.684768666642509
7.6809969936347375
7.686109705934161
7.681499883369107
7.678210809713086
7.681971718485425
7.673484122481658
7.676439973887842
7.67800450771342
7.675635356491829
7.673841730213219
7.676076778535474
7.673847317834024
7.677272529387881
7.678942695423995
7.677841526264414
7.678042666711781
7.681825224569219
7.681942556496851
7.681411769205186
7.681629671356502
7.68250686719641
7.68145087984773
7.683043241722723
7.6878318732894835
7.680776678273402
7.683989264190116
7.685710092820286
7.689319363258891
7.681257169384424
7.679642495767155
7.684257445275338
7.678804429875838
7.677603202098284
7.67903411352861
7.682173801874388
7.681821843928153
7.68108440823128
7.683252022249363
7.682911237571261
7.682592799429429
7.6854922625103175
7.681955923145766
7.682378527818868
12.163048250284579
12.350739532926559
12.322929268539934
12.33652154922548
12.462751545974335
14.301323990764821
20.54437541896057
24.34490864830158
24.626841634196985
30.044209866963218
53.14422957197364
27.930721499437848
7.698997978221406
7.674388489823729
7.674561717376028
7.677048370949363
7.675249039599668
7.675422267151969
7.678518011151132
7.682837278958585
7.676097987227117
7.676712682161166
7.675751522809746
7.6798029212386965
7.674958007531247
7.6744606634482455
7.679825273781752
7.680445556851564
7.68346315016416
7.6855539977583
7.680963647728976
7.682444526452897
7.681695704758537
7.679544239442652
7.680209237813016
7.680153355597019
7.683198936368857
7.68219305648091
7.68278540797048
7.682183249980476
7.683391396610865
7.683301985751958
7.68068112995031
7.677954098753711
7.674858247764129
7.678267036759879
7.675741179995814
7.679809374075987
7.6797191248091465
7.678903920134035
7.675567815893608
7.680518885168345
7.676243977724582
7.67925038322098
7.6749419470913836
7.676327799439165
7.67651220721125
7.679658315565287
7.67876895153791
7.68012865168728
7.678586349906304
7.679212211498584
7.678217538610852
7.674317079758962
7.679659255493069
7.676373482133599
7.678295771309887
7.67517763944835
7.67450080064487
7.68229302034934
7.684131481717035
7.676900572872667
7.6754532734981
7.676598819335113
7.675391805184894
7.680415442782333
7.675062111504974
7.679342541315472
7.6744262749956045
7.674222378739619
7.675211455981373
7.674278258809774
7.675535560388276
7.675306452100638
7.67799987148214
7.678441324036369
7.678089279594388
7.672189416067443
7.675416392510176
7.673767924110571
7.676422237635357
7.676718403144439
7.674119969904385
7.677780128554354
7.676763107372226
7.6785512764836605
7.677327498248022
7.677977478277645
7.676538610370578
7.676477141349258
12.508552494389187
12.329302064933355
12.322909286716111
12.331570830629335
12.606532939177836
14.139246221504834
20.507487700856966
27.509461388226747
21.617615387665396
33.578965845911426
53.019133368285665
23.965174382875844
7.695104574353779
7.677779823525007
7.681316285077608
7.682495105595141
7.678450242776686
7.681598259451326
7.681333965981903
7.687283868313282
7.682423384718634
7.686110648135263
7.684160867934652
7.684116173832631
7.685211179332116
7.686077127558748
7.682937366891862
7.684419266709517
7.686881621395104
7.688295072371478
7.685110617602572
7.687652594654944
7.6812334042523585
7.684658089819621
7.683557497557386
7.682272542124318
7.683035968744313
7.684730911822037
7.685965553211114
7.685529797426733
7.68194877873715
7.681183412808173
7.683630349135846
7.685736502093683
7.681362184412022
7.684525939438071
7.684093615679654
7.687069927970899
7.6854106976529355
7.6845559426406504
7.684595049079121
7.686287799201489
7.6869693685576905
7.687678871084227
7.689840898468241
7.690840905966274
7.690008352147602
7.690705201822892
7.6885766452142015
7.685392190445295
7.6798948158968665
7.682732891375121
7.686520716521294
7.687967688074183
7.690135352022139
7.6919510499166925
7.694457513445803
7.689315863861909
7.6884219852531865
7.684453493371807
7.687807443709689
7.686751549603136
7.682762616311713
7.684818537111774
7.68366208166174
7.682070965264096
7.684586146883099
7.6850722027065945
7.6875024818240725
7.688541635653614
7.6851671791318745
7.684926944644401
7.686753844118918
7.681116713936079
7.687346050064786
7.680316905509817
7.682261810258448
7.685256326589961
7.684636193543696
7.68543510368438
7.681468486901965
7.685189285179554
7.682379132726661
7.682960158283521
7.6803902375512525
7.684301660677264
7.681283836300394
7.683166633173656
7.68633442494558
7.7076262317230135
12.929722504066481
12.331920612743357
12.326719176870938
12.33411627793977
12.78336725531585
14.015733449743575
21.950576899061907
26.969925548146342
20.72258982410519
36.92187040070722
52.65271433820651
20.696734236259307
7.696560625316736
7.688196920386878
7.686308522079402
7.682123618519412
7.681416805337735
7.686176873397134
7.682511844468769
7.682305127898115
7.681746434463912
7.681891694756805
7.67933287882816
7.6829364514787635
7.682101094815609
7.681159806358001
7.6822548454890365
7.68090839431261
7.679394335105923
7.683791252433092
7.688299908447101
7.689367012906427
7.685724331715431
7.681740847529571
7.679427097107941
7.683207514675844
7.683146056274523
7.671413088749509
7.677687432811695
7.680184878756306
7.680916792444771
7.68150344082102
7.680872095425627
7.681235258706163
7.680761672671644
7.682274464401236
7.679760257074448
7.679866412494912
7.683548329446809
7.682447665350415
7.683654484867273
7.682011869413771
7.682157134725986
7.682196244617735
7.68187156445541
7.687636642955523
7.686653338736226
7.6845917520491795
7.685021947645122
7.686033186643375
7.687038838685837
7.68847468632424
7.690189881752216
7.696462208361067
7.694063389914328
7.69432038889406
7.686152290886029
7.688107717905737
7.690487751935436
7.686308725047606
7.6889234103196715
7.691823029243178
7.689297734920586
7.688944578432575
7.6934560564984285
7.695970254172378
7.695076317221641
7.695148949598888
7.693226985154801
7.691439111253326
7.689355120736919
7.692405680581311
7.691612311537531
7.69035710204103
7.69348224195132
7.691694361185604
7.6925268431671405
7.69400743192625
7.692940290594212
7.696052320552038
7.688275039221171
7.685263577556418
7.691593792892531
7.689278992604345
7.690064559813969
7.693455868019294
7.690271278765528
7.6932044530782075
7.690366257743273
8.804966048926552
12.352275292334372
12.344319406198647
12.344107100248397
12.353006101568669
13.000223739838082
13.823690740896268
26.727340954658544
22.28805287381355
20.674194829797575
41.8922819564948
52.214504133205715
15.788522644705662
7.695283280825989
7.688191609341528
7.689085535996062
7.689174928661515
7.688660920835158
7.694164156802136
7.68886764137402
7.690661081724679
7.689040839663336
7.688297763131754
7.6858925147333235
7.690994236396122
7.689519268741746
7.6876420371816305
7.690854561428852
7.693513972805681
7.689737161690688
7.690346144547987
7.692066940144759
7.693972106698328
7.686856974873833
7.690229635568835
7.688816141180304
7.690721285790932
7.6885144467258355
7.690323617332573
7.6905648516293565
7.688073078912816
7.687732275917952
7.687084191534278
7.691788418550025
7.689160190322237
7.693534675939435
7.692322334459317
7.688556812995728
7.689992627559737
7.692573741678697
7.691596046936667
7.694797298863428
7.690898465560296
7.691430022294005
7.691195368348992
7.69125682533459
7.686088851545583
7.683496484153045
7.686865444363608
7.693988867694401
7.692860293958856
7.688647696945979
7.798299756555487
8.118159754108902
8.13110468097936
8.120556548941629
8.676858775245133
9.5570523461585
9.555046636729713
9.555622090966942
9.55313898016411
9.56276219305604
9.573647981636183
9.52815207048436
9.534364574515408
9.551242249585378
9.578824203183666
9.665681937150161
9.684436771711528
9.670967035003917
9.71741555884758
9.74014259697556
9.761214715248217
9.774875634350598
9.791971194004388
9.846325017491882
9.854738714497962
9.877689223993965
9.893846203902058
9.887315253171572
9.90934953005868
9.935730325053843
9.955317931439883
9.980919394802232
10.001031509075004
10.025953770678013
10.046697181871014
10.070898759379247
10.096524944981804
10.11985499753822
10.150755026438969
10.176024444030643
10.190313348733586
10.216235828386534
10.246488032550484
10.29134397848443
10.374742852678228
10.625967435659646
11.011636948134212
11.08770043099518
11.209256748298811
11.677421278644298
11.513017417309051
11.437565206578611
11.45752602021254
11.500481154842063
11.728223256325625
13.220457482626356
13.072139642949002
12.92776592149878
12.789934073198669
12.664653583299113
12.553767870870683
12.432532324977927
12.321643225377661
12.216195507358869
12.12740713212853
12.033641065944296
11.960232694301016
11.888757298044993
11.830723343354705
11.773337021512969
11.723392616709727
11.680543297912365
11.639559907730167
11.606124031197934
11.576872527518276
11.548012086722032
11.522447747371743
11.500760517179907
11.472339308472305
11.452205132711724
11.438065090469998
11.426193265197902
11.41053362932135
11.392728684783858
11.380650150083499
11.365353652391738
11.35686739235018
11.341509440504069
11.335624582229364
11.326835950546478
11.315713047520125
11.310830366834525
11.307556624406882
11.301707463448272
11.294953274719564
11.283488160503659
11.28256221549684
11.27997562378353
11.269878659833946
11.269599764811002
11.262420857355306
11.26047668630894
11.247113303714364
11.250582643426416
11.2430852941614
11.244627222922315
11.239632714544575
11.241414871337078
11.234042920668017
11.234212943667508
11.227598191174014
11.226996420891325
11.22154770388478
11.223206978792355
11.225346717141178
11.223218152360754
11.224095277480249
11.216558705593659
11.214124008765056
11.215012358264293
11.210995429581324
11.210777543324529
11.207442207547432
11.21096749544584
11.209978627049614
11.205936319446653
11.213615651489967
11.210674375833635
11.210510194106266
11.208342397000727
11.205146572401839
11.181580159538015
11.20302905924978
11.198073296279127
11.202062489921794
11.199699144108283
11.197631914909701
11.200787797533808
11.201233968996913
11.203038583430756
11.202116721568267
11.204932590530051
11.851487391588538
11.119305591108823
10.214523314763253
8.906691858054412
9.196793405617239
8.14924098531851
8.059814110947196
7.70361512627465
7.656901512841028
7.652380262165411
7.653688939258402
7.648006874330523
7.652822941162216
7.653739223018826
7.648431492751879
7.652366525381585
7.65180637807377
7.653152834419512
7.654583095102122
7.6538791386724
8.790679381382693
11.638065813541388
15.590195224852836
30.93743441810466
30.71825160086184
30.777469863564903
30.93931713781427
31.13736635673523
31.544487392854467
31.667138240589043
32.0917233629804
32.75342004953096
33.21234673888162
33.42038501290641
33.97929391788904
34.160515699085394
34.8334864523905
35.55619602024049
36.27553551048017
36.56708186316314
40.224968124023384
41.61905838535108
38.04106061877083
15.096005653405598
15.110173200413158
14.792652998518502
15.20859068748488
15.911174846811253
14.949678611021525
14.954410889754492
14.95675188714424
14.957517320658308
14.957338533268159
14.95696978427598
14.954184980147632
14.949257749690933
14.952073661896936
14.951894873820363
14.949905856468504
14.950319303895574
14.947793922314002
14.953755387242186
14.99692153347945
14.949425363512717
14.953472158560759
14.955298380300617
14.955270444985413
14.95537101212015
14.955175464913713
14.952773027806039
14.953175296344998
14.955683887650453
14.955560972263548
14.954468855413191
14.953203231660204
14.950929297002476
14.957030369843357
14.962628607010538
14.961946985319525
14.950884600498147
14.94977836201601
14.949733665511681
14.98605516234187
14.952646879869153
14.949665591419265
14.949727047225142
14.950721513902112
14.95062653674757
14.952453450249642
14.946240826964312
14.94969352587648
14.951984151368375
14.946821863674447
14.95264009352616
14.96332935359895
14.95906095214889
14.955563544678029
14.952546611715945
14.954334423841624
14.95044593246827
14.94717200151312
14.98809055153961
14.951859421430136
14.951505928479166
14.952232763423865
14.954188205458232
14.952718830443835
14.95407646591341
14.951601434995625
14.952400372741096
14.948595641239937
14.949997972527445
14.95401043943522
14.950573665393454
14.950489858804325
14.952272145599856
14.95389799342901
14.953054340431752
14.958496181619369
14.959725344926632
14.953696857615096
15.002047672438122
14.962270242941754
14.95562373721679
14.957612853848069
14.958948243946034
14.953265851771846
14.954478318931924
14.95488619958946
14.96061329101379
14.957232910221869
14.956456260750667
14.958703421283676
14.959589469887257
14.959874407914437
14.959064289994028
14.4710436677199
13.079322537679914
15.271591022627145
15.711675012093659
16.57269068598421
16.209260049815708
16.07635802948604
15.901242605469214
15.924747199201336
16.4736384059089
16.111744763312146
15.906488817381373
16.157290151499517
16.090659349300967
15.804363676228657
16.378603193314795
15.830138593632693
15.883432943443193
15.918698349964583
16.55336392651776
15.840591508524627
16.190222984237863
16.43942738735574
15.82447848057664
16.096086920473784
16.524011907832687
15.97008954173497
15.922456436772727
16.45018051155908
16.19745018442127
15.810893514770495
16.08278099847827
16.341137238904487
16.08026693593628
15.901351737076991
16.21133597744234
16.072033229331026
15.957650726984404
16.38262691976574
16.08187144299872
15.894224696450987
16.279345229774435
16.31726229744204
15.871717491156566
16.03628380896783
16.540207282477603
15.92416983509177
15.938650557368167
16.472169082040697
16.015467660493336
15.922761987092677
16.46612427436205
15.76316677363983
15.799256845362637
16.103983310087166
15.904811646336745
16.351039806918955
15.945889327515548
15.731576344333057
16.207387927755967
15.819120580574804
16.104563954046377
25.197856198513144
59.911135150520636
64.12464405552879
58.441281610669
58.834779483037025
58.86456145652136
58.5043672461244
59.271233055135326
59.76664365466874
62.57172684929362
59.051682717071444
54.8808359122587
54.79630988476528
54.82634071311413
55.54545925269451
55.74692243858014
56.73982383876761
58.2907023605473
54.72020995510947
54.78747069650359
54.84009084477124
55.23590044363695
55.22404715558339
55.748536174783254
58.42102121818001
56.89241652414414
54.804490001569505
54.81163236444732
54.888804472988056
55.549220136686586
55.83528867345915
57.79047424949651
57.75745408729205
54.815086599671886
54.81292455737582
54.869232501575155
54.911076897039294
55.593230944386065
55.59420823454665
59.91171622498182
54.80142031340188
54.61088555284434
54.51799971469374
54.64146706021988
55.51571217638309
55.502129799626964
58.845471810622925
55.974335848535496
54.667295771076205
54.64905894230296
54.66581375860492
55.43723471571229
55.57875772839786
58.08847968879826
56.88487629904005
54.66827633561356
54.70355059645313
54.61269220118656
55.27180821775433
55.54176990456902
57.43290818743792
57.68354253170081
54.71747148299961
54.700338209081195
54.71276486100047
55.119243803664595
55.63158012833422
55.50964538726066
59.87809194566201
54.70373802030019
54.65906318770618
54.98265132437106
54.87297587427212
55.54961916449318
55.56338754143006
60.07890030638474
54.63999193463533
54.651874503097446
54.64081981134733
54.765109521005854
55.5819156095353
55.45166643881091
56.08978486673481
58.83855004528994
54.713189365807324
54.69475177511607
54.689301182499435
54.77626787617164
55.76527653588046
55.814715892016736
58.66777244015947
57.24171830508599
54.9365932840508
54.843814355958685
54.76778914931572
55.568361682280575
55.75995966847396
57.80427661372304
57.529698299919744
54.84790361069957
54.808115496155466
54.814925282493235
55.44050820866332
55.66910632386977
57.077169205815366
58.44147628231936
54.82945349033777
54.83219587216931
54.759044537777264
55.29857661922582
55.626659839531
55.666168494020425
60.02668745734765
54.81119637581784
54.75973774059486
54.775534279979034
55.06327841924245
55.25222756963389
55.68426987602797
58.43322849542278
56.85716624019392
54.730617877272515
54.75153342704537
54.72350704018015
55.125617308577155
54.96614330498187
55.4229190643381
55.21316391999126
58.635881137330216
55.38673543574908
54.531541377919396
54.522564156440254
54.5334538199888
55.260304765556555
55.41533407638332
57.062215673677365
57.65078130102849
54.501806456064365
54.55026951839978
54.452776561992266
54.97777942587147
55.423247540363036
55.398116225916276
59.77331516649543
54.477063551729536
54.5095178268911
54.49347238856265
54.88587528459009
55.40508450941966
55.318612661130345
59.84944693682318
54.59081402710355
54.56057198913514
54.567620739998446
54.56661973086685
55.415135219951964
55.47311847128755
59.35238414264174
55.25681386326222
54.54722220450877
54.59815247414786
54.4936658850255
55.391966411705454
55.46320412962329
57.609945748587684
57.234861208028136
54.494431712564484
54.53133444948637
54.522777288372495
54.99008822991784
55.44485154329398
56.29027348880378
58.64951634439325
54.541179092209475
54.501846953305105
54.52477372756687
54.90506516235513
55.47813733974696
55.62990552981752
57.767487624314384
56.5395623976524
54.53597178325148
54.509827230063664
54.54203110002429
55.21419763736195
55.403377165410376
56.51777367513254
58.411459481348444
54.44857617552517
54.49441904826889
54.50646013123519
55.08495788993791
55.41427786740002
55.69588243374962
59.274646401600776
54.50835535447801
54.52376119955399
54.56856960686495
54.96015277340463
55.394133722252754
55.44969491603442
59.65407265801936
54.54464113139416
54.530522059719495
54.49869311577598
54.803800332086844
55.47593265626609
55.369459916737014
59.96853301878171
54.57450328878872
54.50737122119341
54.53516182383728
54.67949089111941
55.46432979598906
55.42954493878589
59.830062591865925
54.84110481357027
54.42484404671197
54.37869180540078
54.41662963888102
55.31775635267529
55.296839357810626
59.16755472007287
55.30293469683298
54.39658205949078
54.36173257480165
54.40760206092406
55.32647975235144
55.36052562461154
58.84612477751971
55.63725835399379
54.5159267099369
54.434918039853784
54.44151296402681
55.15271619683239
55.37350010636467
56.98716692923178
57.700947929024736
54.435172205312384
54.39434462529719
54.419787381179624
54.971891835902994
55.351783575811666
55.98937070671533
58.82307253370578
54.46087315271443
54.43165428330509
54.403482681101465
54.368934092604626
55.290732984084855
55.32083899828065
58.84473623354336
55.545808204786454
54.42825135184338
54.39071894546416
54.44935807080876
55.24100387483283
55.34652605803087
57.32511473108315
57.25267955671596
54.435752147199004
54.41182767605607
54.37074223618504
55.039576497721924
55.339435163542504
56.30338654004172
58.375665812641245
54.4051641193267
54.41914187930894
54.45073553862915
54.45433594723014
55.31885450187268
55.36305998599014
58.74004306733858
55.70045858288799
54.455042616591975
54.44571098168856
54.472194450811685
55.115506689094296
55.314511609169585
57.512906122743175
57.1201085473712
54.42845806506962
54.465747622357995
54.486282223889106
55.0456645620465
